471859959098521124952309129958170849948276418217
371413400864647893990623337492924118753154466516
1016699971716939024079386286849989850091163391410
930021258392663473285710570545851674471577690835
56727064758166763319210252868384968229704705126
1439778957456493268730132259314360763720705547302
599423975206311607522477446794638923675783809927
853421038033830837954286076926000481057378293392
758067809821681076653239743139538500964500823850
138746402543469147564215187733767424406167030932
418965866410449843849207810307664031920137982328
352996573372632635178032529473424589412843176522
